0, 3; 1, 3: 15687920
0, 3; 2, 3: 14603713
0, 3; 3, 3: 13865912
0, 3; 0, 2: 16704539
0, 3; 0, 1: 17255144
0, 5; 1, 5: 15687920
0, 5; 2, 5: 14603713
0, 5; 3, 5: 13865912
0, 5; 0, 6: 16704539
0, 5; 0, 7: 17255144
1, 4; 1, 5: 16123704
1, 4; 1, 6: 17231282
1, 4; 1, 7: 17475712
1, 4; 1, 8: 17133741
1, 4; 1, 3: 16123704
1, 4; 1, 2: 17231282
1, 4; 1, 1: 17475712
1, 4; 1, 0: 17133741
3, 0; 2, 0: 16704539
3, 0; 1, 0: 17255144
3, 0; 3, 1: 15687920
3, 0; 3, 2: 14603713
3, 0; 3, 3: 13865912
3, 8; 2, 8: 16704539
3, 8; 1, 8: 17255144
3, 8; 3, 7: 15687920
3, 8; 3, 6: 14603713
3, 8; 3, 5: 13865912
4, 1; 5, 1: 16123704
4, 1; 6, 1: 17231282
4, 1; 7, 1: 17475712
4, 1; 8, 1: 17133741
4, 1; 3, 1: 16123704
4, 1; 2, 1: 17231282
4, 1; 1, 1: 17475712
4, 1; 0, 1: 17133741
4, 7; 5, 7: 16123704
4, 7; 6, 7: 17231282
4, 7; 7, 7: 17475712
4, 7; 8, 7: 17133741
4, 7; 3, 7: 16123704
4, 7; 2, 7: 17231282
4, 7; 1, 7: 17475712
4, 7; 0, 7: 17133741
5, 0; 6, 0: 16704539
5, 0; 7, 0: 17255144
5, 0; 5, 1: 15687920
5, 0; 5, 2: 14603713
5, 0; 5, 3: 13865912
5, 8; 6, 8: 16704539
5, 8; 7, 8: 17255144
5, 8; 5, 7: 15687920
5, 8; 5, 6: 14603713
5, 8; 5, 5: 13865912
7, 4; 7, 5: 16123704
7, 4; 7, 6: 17231282
7, 4; 7, 7: 17475712
7, 4; 7, 8: 17133741
7, 4; 7, 3: 16123704
7, 4; 7, 2: 17231282
7, 4; 7, 1: 17475712
7, 4; 7, 0: 17133741
8, 3; 7, 3: 15687920
8, 3; 6, 3: 14603713
8, 3; 5, 3: 13865912
8, 3; 8, 2: 16704539
8, 3; 8, 1: 17255144
8, 5; 7, 5: 15687920
8, 5; 6, 5: 14603713
8, 5; 5, 5: 13865912
8, 5; 8, 6: 16704539
8, 5; 8, 7: 17255144
SUM: 1168653336
Elapsed time: 9348600 µ
